7.182851610111232743e-01 2.817148389888768367e-01
7.962955863736295159e-01 2.037044136263706506e-01
5.521076146840019766e-02 9.447892385316000174e-01
9.111110206319402716e-01 8.888897936805956190e-02
5.237040447134964083e-01 4.762959552865034252e-01
9.661534725604664642e-01 3.384652743953354276e-02
9.752052195586845551e-01 2.479478044131554551e-02
1.773825321391758400e-02 9.822617467860823570e-01
5.241477659470734629e-01 4.758522340529268146e-01
8.376323929574712099e-03 9.916236760704254527e-01
1.901077183390897642e-05 9.999809892281660284e-01
6.143631266306417114e-03 9.938563687336934294e-01
4.135519297189379263e-06 9.999958644807027675e-01
5.798716860874183338e-03 9.942012831391255911e-01
9.321197462286909957e-03 9.906788025377130102e-01
2.042829220415706346e-02 9.795717077958430163e-01
8.120644498896023231e-03 9.918793555011042873e-01
4.062250436985093832e-03 9.959377495630148402e-01
6.246538374048888481e-03 9.937534616259509068e-01
2.308726270845184170e-01 7.691273729154816108e-01
2.455935177390040081e-01 7.544064822609962695e-01
7.326808867375089740e-01 2.673191132624909150e-01
9.095444984276399580e-01 9.045550157236002808e-02
5.079236740693627850e-01 4.920763259306371040e-01
3.175347699798851120e-01 6.824652300201148325e-01
9.727912794515495287e-01 2.720872054845041924e-02
4.271346789488292770e-06 9.999957286532105138e-01
7.576379084762426152e-06 9.999924236209152273e-01
3.661587813783088226e-03 9.963384121862169929e-01
2.544820794660639963e-03 9.974551792053396593e-01
1.889836157794284183e-02 9.811016384220572206e-01
1.055445902346518749e-01 8.944554097653480973e-01
3.868259553547281550e-06 9.999961317404464367e-01
4.649555289781438970e-06 9.999953504447102182e-01
2.271123189768987916e-02 9.772887681023101347e-01
9.580479373715330798e-06 9.999904195206263946e-01
3.622107440408026681e-06 9.999963778925595737e-01
4.150424840598366735e-03 9.958495751594016454e-01
5.177807911664127419e-03 9.948221920883357772e-01
3.068742193773146571e-03 9.969312578062270447e-01
3.718001553900949704e-03 9.962819984460992151e-01
3.509670570537009369e-06 9.999964903294293883e-01
3.669563025958568134e-06 9.999963304369741124e-01
2.529153994712328782e-02 9.747084600528768128e-01
7.604126188188731206e-02 9.239587381181127990e-01
1.152771233821643475e-02 9.884722876617834109e-01
6.956883799871009348e-03 9.930431162001289724e-01
4.784289805033580673e-02 9.521571019496640753e-01
4.568524684738312081e-03 9.954314753152616602e-01
6.209037521052755970e-01 3.790962478947244030e-01
5.052892247130659487e-02 9.494710775286935300e-01
9.924478331255772723e-01 7.552166874422625367e-03
9.849551567481641401e-01 1.504484325183585644e-02
4.800352624962461734e-01 5.199647375037538266e-01
6.436931233856298951e-01 3.563068766143699939e-01
5.268558354554868373e-02 9.473144164544512469e-01
3.913500015240173324e-02 9.608649998475979892e-01
3.657876919679824423e-01 6.342123080320175577e-01
8.882812057079303436e-03 9.911171879429208076e-01
9.704825375913560537e-01 2.951746240864410245e-02
2.958875134276751084e-01 7.041124865723250581e-01
4.491086359447453158e-01 5.508913640552547397e-01
8.640763096586472347e-01 1.359236903413527930e-01
9.489987368930536960e-01 5.100126310694619303e-02
2.665583719939575436e-01 7.334416280060426230e-01
8.924905853583885162e-02 9.107509414641610235e-01
4.731377883966651765e-02 9.526862211603334130e-01
5.910662294082601187e-02 9.408933770591739743e-01
1.054628749725205206e-01 8.945371250274796182e-01
9.782073913296134293e-01 2.179260867038668517e-02
9.759826708842399556e-01 2.401732911575999926e-02
9.859389666930715723e-01 1.406103330692849707e-02
9.972219714474661600e-01 2.778028552533850799e-03
9.941047520788731662e-01 5.895247921126712393e-03
9.255602032380235711e-01 7.443979676197634565e-02
7.381531908775824657e-01 2.618468091224178118e-01
8.870756512006550132e-01 1.129243487993449729e-01
8.608988403072156403e-01 1.391011596927843597e-01
5.631528833036990311e-03 9.943684711669630305e-01
6.518565144481193174e-01 3.481434855518806826e-01
9.975641594382494981e-01 2.435840561750572588e-03
9.340866120264534889e-01 6.591338797354671930e-02
9.876116596049291374e-01 1.238834039507078107e-02
9.966590372054887625e-01 3.340962794511226613e-03
9.898929236111160268e-01 1.010707638888406514e-02
9.703926980838631922e-01 2.960730191613688764e-02
9.740133562297571546e-01 2.598664377024273095e-02
9.931284418204233688e-01 6.871558179576770821e-03
7.084652812008871425e-01 2.915347187991130240e-01
5.135931750744275881e-01 4.864068249255724674e-01
9.300171198108153625e-01 6.998288018918466524e-02
9.894581988984731957e-01 1.054180110152690662e-02
9.780039956999413420e-01 2.199600430005860946e-02
9.815943640955521188e-01 1.840563590444785347e-02
6.767850239759845010e-01 3.232149760240153880e-01
9.383858675932557070e-01 6.161413240674435549e-02
9.915501943979587729e-01 8.449805602041161184e-03
5.122694648864581923e-01 4.877305351135418632e-01
9.811419090034327883e-01 1.885809099656724983e-02
9.298007816738120823e-01 7.019921832618800095e-02
2.949221925895486596e-01 7.050778074104513404e-01
5.311509845198180146e-01 4.688490154801819854e-01
2.274878036708726514e-01 7.725121963291273763e-01
9.848086996178408992e-01 1.519130038215923094e-02
9.820625881287738945e-01 1.793741187122618180e-02
9.924814797213282747e-01 7.518520278671735751e-03
9.907461454907463549e-01 9.253854509253573932e-03
8.880095810767154596e-01 1.119904189232843045e-01
8.922510595320701787e-01 1.077489404679298074e-01
9.916146506081613410e-01 8.385349391838634731e-03
9.627521749296529263e-01 3.724782507034717083e-02
9.906705854466840711e-01 9.329414553315944561e-03
9.684924223957777079e-01 3.150757760422228521e-02
9.921668226834786664e-01 7.833177316521399564e-03
5.250635909605657625e-01 4.749364090394343485e-01
2.871175134903192205e-01 7.128824865096807795e-01
9.674700181647620800e-01 3.252998183523799630e-02
9.553002912763151055e-01 4.469970872368483200e-02
9.941823607619736380e-01 5.817639238026388847e-03
9.279512738562197827e-01 7.204872614378021733e-02
9.683140485175708578e-01 3.168595148242906584e-02
7.915103038302859773e-01 2.084896961697140783e-01
