6.695057291887603901e-01 3.304942708112397765e-01
5.276372479970550256e-01 4.723627520029449744e-01
1.404698417822453083e-01 8.595301582177548028e-01
7.677443236196929144e-01 2.322556763803070023e-01
2.990453010980410053e-01 7.009546989019591612e-01
9.686518133425214838e-01 3.134818665747855782e-02
8.269237133434185205e-01 1.730762866565815905e-01
1.006224607363560054e-05 9.999899377539264167e-01
3.455487504124312864e-06 9.999965445124958663e-01
5.621572912240439289e-06 9.999943784270877156e-01
5.269394060069295846e-08 9.999999473060593447e-01
9.554293332113450854e-08 9.999999044570666573e-01
4.758719717217666415e-06 9.999952412802827206e-01
8.795320759276373246e-03 9.912046792407237517e-01
6.123126241400893982e-02 9.387687375859912198e-01
1.803147933588273438e-02 9.819685206641169950e-01
7.113793459449339884e-02 9.288620654055069759e-01
3.863118659979800085e-02 9.613688134002019714e-01
4.567042177811504733e-02 9.543295782218850221e-01
3.929968139643467140e-01 6.070031860356532860e-01
5.380642319546823094e-02 9.461935768045316442e-01
9.014702134278759771e-02 9.098529786572124856e-01
6.184753958417821273e-01 3.815246041582178171e-01
4.117253667851795140e-01 5.882746332148204305e-01
2.138410487922158543e-02 9.786158951207784007e-01
8.983021435659412912e-01 1.016978564340589447e-01
2.399523100641220463e-06 9.999976004768994509e-01
1.026805763135814169e-02 9.897319423686419260e-01
3.276662757080825439e-02 9.672333724291919399e-01
1.967974302985471199e-02 9.803202569701454649e-01
2.715966692274260803e-07 9.999997284033307343e-01
4.902578863599963980e-06 9.999950974211363475e-01
3.273975522962461245e-03 9.967260244770375088e-01
8.163938271518468223e-03 9.918360617284813774e-01
2.823949757313217058e-07 9.999997176050242631e-01
5.547944743398152555e-07 9.999994452055255278e-01
8.629680698179026777e-07 9.999991370319302186e-01
4.756662441558731776e-07 9.999995243337558293e-01
1.494471761281168052e-05 9.999850552823872363e-01
1.045725516798229937e-05 9.999895427448320939e-01
4.732528666310620129e-06 9.999952674713336043e-01
3.411731034607857535e-06 9.999965882689653141e-01
3.611870942876223810e-03 9.963881290571239280e-01
1.494949920120219010e-02 9.850505007987979678e-01
3.420270018265685001e-11 9.999999999657972483e-01
1.841354603139643087e-09 9.999999981586453757e-01
1.824329471116589762e-06 9.999981756705289548e-01
1.826411378678756414e-01 8.173588621321242753e-01
5.898667288950397100e-06 9.999941013327110495e-01
1.860660329130645052e-01 8.139339670869358834e-01
1.252041677315325965e-02 9.874795832268468132e-01
9.810190616308114286e-01 1.898093836918863381e-02
9.626203637342060082e-01 3.737963626579391546e-02
2.622766812953396531e-01 7.377233187046601248e-01
9.525421496725976489e-01 4.745785032740242743e-02
1.034259854738021001e-05 9.999896574014526252e-01
2.282319517938964940e-06 9.999977176804819567e-01
7.430516701354097641e-06 9.999925694832986212e-01
2.326242547873737492e-06 9.999976737574521879e-01
9.692284786274376618e-01 3.077152137256223760e-02
1.311183988566544616e-05 9.999868881601142734e-01
5.393201040070983743e-06 9.999946067989599063e-01
9.672143600958387211e-01 3.278563990416125118e-02
9.268171502867083023e-01 7.318284971329164224e-02
2.045408433790829039e-01 7.954591566209170406e-01
2.931591186385695390e-03 9.970684088136141376e-01
6.531464032137564157e-03 9.934685359678624428e-01
2.092156896130840590e-02 9.790784310386916323e-01
3.238291765062735750e-01 6.761708234937264805e-01
8.978835022824376288e-01 1.021164977175622185e-01
9.349879394510967057e-01 6.501206054890319719e-02
9.997322743575398629e-01 2.677256424601020613e-04
9.916814122599725279e-01 8.318587740027520716e-03
9.882838044845648762e-01 1.171619551543493475e-02
9.069331108791598428e-01 9.306688912084032372e-02
5.936128212706084373e-01 4.063871787293916182e-01
7.831825019130812526e-01 2.168174980869189417e-01
6.987857490564558516e-01 3.012142509435443150e-01
3.908526491824894367e-02 9.609147350817508482e-01
4.580391685469054064e-01 5.419608314530945936e-01
9.949035190301276366e-01 5.096480969872427616e-03
9.896637568068779034e-01 1.033624319312204456e-02
9.993314138431109717e-01 6.685861568890769102e-04
9.940751515485949374e-01 5.924848451404935053e-03
9.985637918221373921e-01 1.436208177862708085e-03
9.975873984089558277e-01 2.412601591044291095e-03
9.253323353079088154e-01 7.466766469209094870e-02
9.996191948716193210e-01 3.808051283806966007e-04
9.058519110187069900e-01 9.414808898129300996e-02
7.919247786580492221e-01 2.080752213419509722e-01
9.934340616938321933e-01 6.565938306167727785e-03
9.392369605374770725e-01 6.076303946252313570e-02
9.823565746057845161e-01 1.764342539421548395e-02
9.031536708597356355e-01 9.684632914026421180e-02
1.167478643724434439e-01 8.832521356275566671e-01
9.483384489608270851e-01 5.166155103917287328e-02
9.811337063281216908e-01 1.886629367187828837e-02
3.561140266965586720e-01 6.438859733034413280e-01
9.758272826378496800e-01 2.417271736215033037e-02
8.513354353629323246e-01 1.486645646370678975e-01
4.612399787545391483e-01 5.387600212454608517e-01
6.382019587677085770e-01 3.617980412322915340e-01
3.165694544166851032e-01 6.834305455833149523e-01
9.995635030167919766e-01 4.364969832080669676e-04
9.507131719433482564e-01 4.928682805665181299e-02
9.995223896490518234e-01 4.776103509481154606e-04
9.932314475378597463e-01 6.768552462140307521e-03
9.998668371217205308e-01 1.331628782794290391e-04
9.999428351296132389e-01 5.716487038688751986e-05
9.585480374149141225e-01 4.145196258508574566e-02
9.173448376200946663e-01 8.265516237990550019e-02
9.475468118376367821e-01 5.245318816236322484e-02
8.832308336275243033e-01 1.167691663724757245e-01
9.866342441990910705e-01 1.336575580090886006e-02
6.685876409142929022e-01 3.314123590857072088e-01
3.049598338345829163e-01 6.950401661654170837e-01
9.978282721692118828e-01 2.171727830788174832e-03
9.996990490408010910e-01 3.009509591988495498e-04
9.996262940082504267e-01 3.737059917496116340e-04
9.485675741604709943e-01 5.143242583952907510e-02
9.297065741797028160e-01 7.029342582029714237e-02
3.099499372988689383e-01 6.900500627011310062e-01
