8.278767893335110539e-01 1.721232106664890571e-01
8.724563849738515842e-01 1.275436150261482771e-01
1.269406412930570716e-01 8.730593587069428452e-01
9.426095861844667745e-01 5.739041381553312143e-02
6.681909233786004210e-01 3.318090766213995790e-01
9.769259332116011496e-01 2.307406678839888162e-02
9.689356450551029898e-01 3.106435494489695817e-02
2.318438516541066960e-02 9.768156148345893408e-01
5.000000000000000000e-01 5.000000000000000000e-01
1.722035648159577284e-02 9.827796435184041890e-01
5.643539113214124207e-03 9.943564608867856425e-01
1.134957388181331503e-02 9.886504261181866537e-01
2.951776030147607640e-03 9.970482239698524873e-01
1.377207950283578473e-02 9.862279204971642343e-01
2.147238557052659827e-02 9.785276144294732248e-01
4.071333520461463407e-02 9.592866647953851578e-01
1.843689784221375430e-02 9.815631021577860826e-01
1.164183495399851928e-02 9.883581650460014911e-01
1.525843495908097563e-02 9.847415650409191423e-01
4.075209953324973600e-01 5.924790046675026955e-01
3.605226065083594889e-01 6.394773934916404556e-01
7.911781577381172825e-01 2.088218422618828007e-01
9.366121426807367811e-01 6.338785731926281641e-02
5.692385336749420377e-01 4.307614663250579068e-01
4.147113242857797255e-01 5.852886757142203855e-01
9.810909909073067814e-01 1.890900909269322208e-02
3.239664043536386040e-03 9.967603359564635168e-01
4.232115911699361674e-03 9.957678840883007476e-01
9.392082871225993640e-03 9.906079171287740515e-01
8.012792762469096025e-03 9.919872072375309768e-01
3.636382009179540964e-02 9.636361799082048263e-01
1.273019147180974864e-01 8.726980852819024026e-01
3.046403862859875175e-03 9.969535961371399635e-01
3.785964497850051718e-03 9.962140355021500415e-01
3.464806650260712079e-02 9.653519334973929000e-01
4.487834815023135360e-03 9.955121651849769826e-01
2.930179186015376049e-03 9.970698208139844310e-01
9.680984135258445186e-03 9.903190158647415808e-01
1.142256504710460231e-02 9.885774349528954064e-01
7.772291484356009909e-03 9.922277085156441245e-01
8.546884856740641356e-03 9.914531151432591782e-01
3.013379615848227940e-03 9.969866203841518670e-01
3.072179082637905168e-03 9.969278209173620953e-01
5.124461791943116934e-02 9.487553820805687543e-01
9.850258188856103603e-02 9.014974181114391305e-01
2.012393797048390651e-02 9.798760620295160484e-01
1.240884280239230690e-02 9.875911571976078163e-01
1.226050264173496884e-01 8.773949735826500618e-01
1.037586127440739102e-02 9.896241387255925170e-01
6.954302665288649710e-01 3.045697334711351401e-01
9.548404644574566558e-02 9.045159535542544038e-01
9.950884177791823326e-01 4.911582220817666510e-03
9.880925573116902116e-01 1.190744268830986469e-02
6.097931185890891337e-01 3.902068814109109218e-01
6.915946946354846192e-01 3.084053053645155473e-01
8.705694370550104422e-02 9.129430562944991223e-01
6.525916083240006216e-02 9.347408391675999795e-01
4.220965109536007343e-01 5.779034890463993213e-01
1.798096314035602800e-02 9.820190368596439789e-01
9.810351735076311419e-01 1.896482649236887197e-02
3.132212988074287718e-01 6.867787011925712282e-01
4.913054364318515388e-01 5.086945635681485722e-01
8.904476921734323369e-01 1.095523078265673578e-01
9.721993965576228858e-01 2.780060344237706219e-02
3.919636873551857192e-01 6.080363126448142808e-01
1.350142989563328788e-01 8.649857010436672322e-01
5.405577217085773267e-02 9.459442278291425588e-01
8.048616735568654701e-02 9.195138326443133003e-01
1.368180389159716903e-01 8.631819610840283374e-01
9.731432391471189769e-01 2.685676085288110984e-02
9.686082798249768810e-01 3.139172017502314671e-02
9.898145798937800777e-01 1.018542010621993794e-02
9.977574779942659511e-01 2.242522005734043280e-03
9.965754331503445806e-01 3.424566849655599765e-03
9.400469745868778038e-01 5.995302541312195338e-02
8.375483220378083793e-01 1.624516779621918428e-01
9.345509533597730067e-01 6.544904664022702101e-02
9.082334211862413964e-01 9.176657881375872849e-02
1.294066210589015636e-02 9.870593378941098228e-01
6.618143958374561597e-01 3.381856041625440623e-01
9.981648684021454665e-01 1.835131597854683773e-03
9.201116604783794450e-01 7.988833952162059659e-02
9.912493435723204183e-01 8.750656427679578270e-03
9.970498506589824395e-01 2.950149341017580494e-03
9.933680992757475403e-01 6.631900724252342595e-03
9.707685959952531141e-01 2.923140400474688247e-02
9.783986825831427758e-01 2.160131741685732826e-02
9.953044875862131491e-01 4.695512413786846577e-03
7.365631069102549500e-01 2.634368930897451611e-01
5.344674762417943592e-01 4.655325237582055298e-01
9.464584233406526659e-01 5.354157665934732024e-02
9.907326854330076316e-01 9.267314566992444769e-03
9.691695631402389433e-01 3.083043685976107756e-02
9.838060171213354188e-01 1.619398287866452915e-02
7.524449404403441566e-01 2.475550595596559267e-01
9.651399778864349077e-01 3.486002211356500208e-02
9.921969211318957260e-01 7.803078868104248826e-03
5.590661233768237093e-01 4.409338766231763462e-01
9.877597929630596019e-01 1.224020703694030446e-02
9.597593203920691263e-01 4.024067960793083903e-02
5.069203552051915196e-01 4.930796447948085914e-01
6.384700769001334653e-01 3.615299230998664792e-01
3.964665492273891090e-01 6.035334507726108910e-01
9.881299390676377969e-01 1.187006093236212152e-02
9.871482373705262603e-01 1.285176262947379522e-02
9.944996549074723857e-01 5.500345092527780810e-03
9.942670382429092957e-01 5.732961757090659222e-03
9.025943028293658132e-01 9.740569717063418675e-02
9.081378218095245147e-01 9.186217819047549915e-02
9.946038684011357933e-01 5.396131598864243976e-03
9.805421521613140179e-01 1.945784783868601681e-02
9.935322503705291686e-01 6.467749629470882604e-03
9.800925924320891269e-01 1.990740756791087307e-02
9.952610662414392850e-01 4.738933758560786094e-03
5.887595206021724037e-01 4.112404793978277073e-01
4.683199226960685357e-01 5.316800773039315198e-01
9.710752388767474041e-01 2.892476112325265830e-02
9.540213528917830255e-01 4.597864710821705780e-02
9.959290609014816997e-01 4.070939098518284657e-03
9.435865948670866254e-01 5.641340513291333986e-02
9.809256490854603161e-01 1.907435091453977757e-02
8.574917102283379222e-01 1.425082897716623831e-01
