-7.459891859695712002e-01 4.237118204270449717e-01 -1.694696736488127409e-01 -2.137964957915593489e-01 8.194383873771378113e-01
-7.208050677612177770e-01 -1.856621285512792541e-01 7.861619325827883253e-01 -6.194840762355559027e-01 2.087334055676426381e+00
-9.149620931261899237e-01 -3.020656161457794808e-01 6.952881180764868274e-01 -1.490865745094430039e+00 -1.974122612596407866e-01
-8.434087618569648948e-01 2.583266549662838751e-01 -3.639344490435086898e-01 -7.860248362099950814e-01 7.804641055566607921e-01
-7.113082098938722231e-01 3.888458815719346706e-01 1.082859729453134134e+00 -5.717885684748703623e-01 9.678899647093911485e-01
-7.851494789170501143e-01 -1.979961957540431194e-01 2.606946467725282379e-02 -1.544015186049499055e+00 1.253436860633618144e+00
-1.183809619829055082e+00 1.294053513271949285e+00 8.621327361939033762e-02 2.397406286770434672e-02 3.187162566428920485e-01
-1.277711968719015490e+00 1.324031248332829147e+00 3.423991125192684670e-01 5.497768378233749420e-01 -1.418700218838791216e-01
-1.253434505379303898e+00 1.538369281116686249e+00 -2.067998259853422449e-01 6.357527207640698563e-01 8.891855797621243118e-01
-1.348046175458027962e+00 1.051780898685610754e+00 -7.348034161230909689e-01 -2.328022779089939098e-01 1.639828564723097293e-01
-1.317841665407933460e+00 8.561712245157705459e-01 -6.973008747704854127e-01 7.899215549077260867e-01 -1.070754152303023066e+00
-1.454918739819608620e+00 1.182369638587910998e+00 -4.279116385067481820e-01 9.365247538883747502e-01 -4.722059665514491966e-01
-1.315061282812202803e+00 5.949818636739266919e-01 -8.741418199852603044e-01 9.572780907300586506e-01 -8.962874293985407803e-01
-1.252866102292795381e+00 1.528973948960311857e-01 -2.486349708211469667e-01 1.375817646240630854e+00 -1.642886338874129937e+00
-1.008551433215306270e+00 5.687470294604816123e-01 -8.947912395103202465e-03 1.183528658532514211e+00 -1.807910776431203015e+00
-1.218550389003984158e+00 4.554008322979283263e-02 -2.153089230712253443e-01 1.374785971092597814e+00 -1.467785931088545714e+00
-1.054579954900809469e+00 7.305720254104107747e-01 -4.402551557904533786e-01 1.284036767734489382e-01 -7.184980363451329288e-02
-1.126646286595525792e+00 3.229043360327680245e-01 5.098179296149452783e-02 3.699074090407956095e-01 9.394706857944924439e-01
-1.118046009150878373e+00 1.126329500791066751e+00 -4.196125534367352583e-01 8.785417035212914061e-02 -5.330320283706128093e-01
-1.159636863124302586e+00 9.048841598808887721e-01 -3.293214432051155272e-01 -4.246526282396779761e-01 5.954951614534449433e-01
-1.142127548588792951e+00 1.518640676729574368e+00 -4.739559076041889307e-01 -5.433245092453005132e-01 4.774356793778344321e-01
-1.049486778355073202e+00 9.310886880630410145e-01 -1.737907984207138490e-01 -5.596202849000975199e-01 5.374796040157241439e-01
-9.587017618214112025e-01 1.872419031291770342e+00 7.019343589070445866e-01 -8.521550811359517308e-01 8.115367132704831565e-01
-9.021741744597822077e-01 4.639850132033493391e-01 6.126439088367254815e-01 -8.045158716065106130e-01 1.294564545749342654e+00
-1.069806460690150729e+00 6.105196109984586395e-01 -1.562682120073319858e-01 -7.944987150005601295e-01 -3.592197084945620081e-03
-9.292071952445796201e-01 9.940374134954157448e-01 1.310533121074837215e+00 -7.314865990299141973e-01 5.727640725675634537e-01
-1.147769643450233135e+00 -2.052132270757698607e-01 -2.528467178278812066e-01 8.517253019553469029e-01 -7.066388907342089354e-01
-1.199147775181296893e+00 9.766303601941269674e-01 -1.274742094218267896e+00 4.116676318399235535e-01 -1.106913236025570901e+00
-1.067001660909215666e+00 7.016444434222175452e-01 -1.208236216532608820e+00 -1.220149618051751539e-01 2.687823236286778217e-01
-1.064684419940861382e+00 -3.734932957216807181e-01 -1.118684797872004255e+00 -2.900000625697779499e-01 -1.649870060268081862e-01
-8.023315369409391717e-01 -2.286662101487786813e+00 -2.450371434778292612e-01 1.110602074885298718e+00 -1.874112423187537513e-01
-1.032858275990690800e+00 -4.267770525302785889e-01 -1.028929541852972029e+00 1.204199403595581863e+00 -7.257828308695197794e-01
-1.186896515388188522e+00 2.142650467706024298e-01 -1.661614311848374492e-01 5.523189004011695991e-01 -7.310001905245486764e-01
-1.059307992873643300e+00 5.240507773989576679e-01 2.052806542849447968e-01 9.280390893985468459e-01 -8.085027005992060367e-01
-2.730341317673494195e-01 -1.668709204928401579e+00 5.891621801749284681e-03 -8.950698017647344962e-01 -9.142042931321753274e-02
-1.540928315045726749e-01 -1.950900414654419324e+00 5.240269394182756058e-01 -8.578982184384996434e-02 -1.435274833443003439e+00
-1.885235566340405233e-01 -1.924003483181075724e+00 5.576069717663167946e-02 -7.956336347931681763e-01 -1.412930326321293117e+00
-5.886148028906262875e-01 -9.226893583772527441e-01 3.422776036457386706e-01 -8.231288260727006589e-01 2.561773671579453016e+00
-3.111207579418457936e-01 -3.655149577439555930e+00 -2.353859038063509102e-01 1.649216056335057301e+00 -1.078208656678141919e+00
-1.136619145423023003e+00 -2.510884252630558866e-02 5.580104012959863358e-01 6.230161117256058922e-01 -1.727409420087192837e-01
-4.204300009272822214e-01 -1.214943950601126144e+00 -1.385224649120373464e-01 8.396641151573892570e-01 1.607466977001214881e+00
-6.459360161549039248e-01 -8.732314505893314927e-01 1.812550044860613996e+00 -1.627616527252221168e+00 2.750121821283793011e-01
-3.273228434498693940e-01 -6.285556642709638764e-01 8.300198147993625986e-01 3.696195658667238426e-01 -4.159380992160686130e-01
-6.328681655150114604e-01 -3.735265642214521953e-01 2.713772075665116801e-01 -1.000924339655727469e+00 -3.756915508764222672e-02
-1.481417972707043118e-01 -2.291917386591136196e+00 1.171622416308428782e+00 -1.852996374325499573e+00 6.005551100305858148e-01
-2.489724013295284422e-01 -3.183812726279291017e+00 1.949131301900970115e-01 1.346473721359618292e+00 -1.033049515094836446e+00
8.076821268617515037e-02 -1.880228062517369958e+00 8.926850722893480139e-01 -1.349526393227027166e+00 3.730794649434819310e-01
-4.177557911205356800e-01 -1.831185647649380632e+00 -3.036472759020065193e-01 2.471524815740322734e-01 9.810856028933252482e-01
-4.702149715227550986e-01 -1.911376167310237850e+00 1.041056987129731909e-01 3.300198185118316530e-01 2.000196878652474308e-01
-6.834289559290505078e-01 -1.099046833866593298e+00 -1.114172538864490782e-02 6.692268674543587759e-01 2.706224660613819610e-01
-5.255092164508182728e-01 -1.994552431676567039e+00 7.312821503527947575e-01 1.530132100752791269e-01 5.651577056002592414e-01
-1.013102276354074904e+00 -1.660924565207645975e-01 1.024055094680983435e+00 2.849713054526210598e-01 -1.440592329822083240e-01
-3.489742478487486976e-01 -4.299203618871766039e-03 1.286442275450215389e+00 -2.902433200078106346e+00 7.529188128806313385e-01
-1.466582693462309579e-02 -5.533362942624554526e-01 6.910323283537394001e-01 -1.543544447425948540e+00 2.678061379730042879e-01
9.852889362283352437e-01 -4.149084758748645685e-01 -2.013436148176100726e+00 -1.041922567020381996e+00 -8.888069387848964720e-01
9.869175186402918687e-01 -1.713860590486445123e-01 -8.867712087393546661e-01 9.065043910325127907e-01 1.414003902621068995e-02
1.009495794155160331e+00 -1.102728363607149431e-01 -1.912098846269936869e+00 -1.704693109285583486e+00 -9.968202986708758484e-01
9.699420473708656454e-01 -4.303974106117401388e-01 -2.160496819087181830e+00 1.331976943484745879e-01 -1.846757414929300900e-01
9.501739015449449655e-01 -9.323129616251663032e-02 -8.107637420945627005e-01 8.008912692265605093e-01 -9.417675087838499604e-01
1.014357289695695608e+00 -1.767737433594998020e-01 -2.428839593576426648e+00 -8.846782261468634223e-01 -4.416709826863065014e-01
1.084246746572050002e+00 7.346185752255106338e-02 -2.565593988493910071e+00 -5.757261216349636168e-01 3.663545245488817881e-01
1.022868814469593657e+00 -2.151490408771845886e-02 -1.707569407029002839e+00 2.199088292689286850e-01 7.533481888243197533e-01
1.034606269203107498e+00 1.939205694954536097e-01 -3.032289226161366980e+00 -7.114891870033379639e-01 -2.079853134131386949e-01
1.015655292001378385e+00 -1.568094825086076560e-01 -1.863635959221420002e+00 -4.631817507847530435e-01 6.422004333696430534e-01
9.789745178304012363e-01 1.089171981110780008e-01 -1.405051015764735789e+00 -6.920514828320006862e-01 -3.655251916880586371e-02
1.121561792255574952e+00 2.871577580280236242e-01 -1.050503953998659368e+00 -1.864134576754288286e+00 -1.212931802387055447e+00
1.122973890528285557e+00 9.647472484299221204e-03 -1.227257901599128509e+00 -5.325380720775242382e-01 3.145454860959049359e-01
1.091117733202922491e+00 1.443379096146183982e-01 7.347035172972878059e-02 -1.698597835182420746e-02 -2.323827686791246072e-01
1.106653181669747354e+00 3.943837356161293828e-01 1.305965543705794318e-01 -6.497396976413931657e-01 -6.741092907800610989e-01
1.213836897888572741e+00 1.541277546469757842e-01 -2.153972324965456320e-01 -1.541618876263928586e-02 7.238764240865193100e-01
1.198209256384727972e+00 4.909538556710525414e-01 5.793305611339173433e-01 1.653286427903951417e+00 -1.707386703104557882e-02
1.231939114083247411e+00 6.039364863706023767e-01 1.171871371871250123e+00 2.442107348404099376e+00 1.185187149579550320e-01
1.148425119411313755e+00 6.054090335111284027e-01 9.906630764207008041e-03 9.975547372051511985e-01 1.083428034430312881e+00
1.239067990902118499e+00 6.960999019113638386e-01 6.528007657185634915e-01 1.056978130754313849e-01 7.441670797537154602e-02
1.256867814285035356e+00 3.386952702457461939e-01 -2.214961754720267129e-01 7.880841430513191304e-01 8.794630923742230433e-01
1.220002279846567284e+00 2.927052480878613583e-01 9.392402307707390374e-01 2.867772546398307476e+00 2.206040280424142352e+00
1.213591833678972387e+00 -2.569858447908009436e-01 -2.189830911292971471e-01 1.227287369811397966e+00 1.592741683851488288e+00
1.148940311670932468e+00 1.172403527704135584e-01 -3.005539308897278716e-01 1.090740179682065492e+00 2.703697543533228220e+00
1.196185688520605028e+00 5.278726588665347969e-02 -3.086298044469845681e-01 1.241893088356790020e+00 2.236217640617498947e+00
1.113571738136913680e+00 1.549202380808642199e-01 1.009471735653997726e+00 7.879539230558433305e-01 9.697143291437443358e-01
1.077938669221228274e+00 -3.706579843489318793e-02 4.750498402699434575e-01 1.064190809198445997e+00 1.741747027063625053e+00
1.102653083346990304e+00 4.291546974358261823e-01 -9.616820924296240122e-03 -8.050645278409132022e-01 2.380037786008303569e-01
1.187825130759101455e+00 9.940873234720339902e-01 7.880136086706751586e-01 -4.314949893005912696e-01 -3.732497830906200686e-01
1.145389249875676585e+00 9.122790502680718783e-01 9.057048390155637563e-01 6.514067475825630060e-01 -3.810096963440797735e-01
1.131930004995310934e+00 6.995725764486968590e-01 1.564386762254638130e+00 -4.845895635553062464e-01 -9.971314314929294875e-01
1.047535160751841721e+00 2.465552053960099743e-01 1.538889017377536694e+00 -5.543967450932221208e-01 -1.229335731227841899e+00
1.093432158430586387e+00 4.433564154674992652e-01 1.594158497974430988e+00 -7.215966694025341965e-01 -9.253448197579002832e-01
1.071989116947766441e+00 3.686594689206545428e-01 9.741643065202774121e-01 -1.280518110816608157e+00 -9.965289807352638585e-01
1.082813766123782218e+00 3.209362602274701826e-01 9.140041195079234848e-01 -8.257677130781264641e-01 -6.542986348788575324e-01
1.070991254988178820e+00 4.510125557489971793e-01 3.867154799311711133e-01 -8.806872112477035497e-01 -1.377673871730971555e+00
1.063197168136736481e+00 6.569827924213522685e-01 1.130115494384269059e+00 -4.809606652450313380e-01 -1.403563766459840823e+00
1.020712982199745378e+00 7.507598894667367739e-01 9.954475231714093875e-01 3.397237360060495481e-01 -9.823892191760515979e-01
9.822235067673041886e-01 6.682587836475211152e-01 1.587670419350046602e+00 8.459238372582060794e-01 -2.163241748296417910e+00
1.014721368107975197e+00 1.218922720943513421e-01 1.904670182988277061e+00 9.830192827248376286e-01 -1.152652166968842984e+00
1.122560666522059991e+00 6.458743741000447791e-01 5.406814960354134891e-01 -5.625296258032100316e-02 -8.627175244070829363e-01
